Test run with coverage
Iteration,Time(ms),Instrument methods(ms),Test run(ms),Restore original methods(ms),GCs,GCs(ms),Incremental GCs,Incremental GCs(ms)
1,975.7412253113599,503.2975217008429,409.1869417536797,63.256761856837336,0,0,2,2
2,851.6800016756032,476.4022285522788,304.02249497319036,71.25527815013405,0,0,2,1
3,878.6804408868028,534.867398684045,279.5252084992247,64.28783370353297,0,0,2,1
4,866.8460734297901,490.47181567282763,315.7279836079284,60.64627414903404,0,0,2,1
5,833.5027998328458,466.934015879649,296.9935227747597,69.5752611784371,0,0,2,1
6,955.8447965882009,523.502696826525,367.65012334322864,64.69197641844713,0,0,2,2
7,956.9734910448387,491.5016987542469,391.38928736210727,74.08250492848454,0,0,2,2
8,819.1078973843058,459.3910965794769,291.2386401743796,68.47816063044937,0,0,2,1
9,944.1307972684235,517.551049478403,361.97553311827056,64.60421467174997,0,0,2,2
10,867.9901060663229,483.6270490085105,311.6243659078523,72.73869114996018,0,0,2,1
11,818.8637468566639,458.606999161777,291.64983235540655,68.6069153394803,0,0,2,1
12,958.2343208122676,516.1171604061337,377.9518656248694,64.16529478126436,0,0,2,2
13,864.9054246071548,481.7532179872952,310.86960882647946,72.28259779338013,0,0,2,1
14,817.5349461238523,458.7878076390927,290.4531046916272,68.29403379313236,0,0,2,1
15,1019.7423924888926,517.0384776594852,438.4705339927907,64.23338083661665,0,0,2,2
16,865.3544208591007,482.44145913421363,311.11712351663044,71.79583820825673,0,0,2,1
17,818.0160905091137,458.7333752357008,291.15441022417764,68.12830504923528,0,0,2,1
18,906.9642333011866,516.6710553901631,326.9742966162103,63.3188812948132,0,0,2,1
19,867.3875716137666,483.341864257935,311.62309204198556,72.42261531384602,0,0,2,1
20,818.9902310175675,459.74072365938537,291.04762903022936,68.20187832795271,0,0,2,1
21,945.3920959892599,516.0882698439335,365.1781758684343,64.1256502768921,0,0,2,2
22,871.2348380066222,487.098788717046,312.0018022549143,72.13424703466197,0,0,2,1
23,818.6192514266532,458.46479523329975,291.4966012084592,68.65785498489426,0,0,2,1
24,933.1355228388071,518.4394110985278,349.96967409085187,64.72643764942745,0,0,2,2
25,879.437980930077,483.17857142857144,322.2100618936099,74.04934760789561,0,0,2,1
26,816.1090498871898,457.81231720564887,290.0049302247848,68.29180245675607,0,0,2,1
27,945.5045397225725,517.5166036149643,363.639806641446,64.34812946616225,0,0,2,2
28,870.8792011077078,486.4233206058826,311.84739646708346,72.60848403474175,0,0,2,1
29,816.2584199061662,457.3843833780161,290.82515080428954,68.0488857238606,0,0,2,1
30,929.6217122975604,511.09025390382305,354.96446174874706,63.56699664499027,0,0,2,2
31,868.4033028753458,485.0147120462738,311.1754966887417,72.21309414033028,0,0,2,1
32,819.9031933618305,460.1475986924818,291.3091107199732,68.44648394937558,0,0,2,1
33,953.3677829340692,516.149002884736,373.00213219616205,64.21664785317112,0,0,2,2
34,867.4332453604792,483.9345230614553,311.032172929496,72.46654936952788,0,0,2,1
35,817.9429242907504,458.51439482961223,290.8771613228135,68.55136813832466,0,0,2,1
36,1006.0276006711409,516.4532718120805,425.3190016778523,64.25532718120806,0,0,2,2
37,870.4768734012664,485.6515704281461,312.21176667924686,72.61353629387344,0,0,2,1
38,807.5239140337075,452.8565572073378,286.85618452109816,67.81117230527144,0,0,2,1
39,918.8577835526868,517.4531394081649,337.0220890267416,64.3825551177802,0,0,2,2
40,871.3417859691842,486.6818926067425,311.9807296695915,72.67916369285025,0,0,2,1
41,828.7450511659117,459.7899681261533,297.8967455124979,71.05833752726053,0,0,2,2
42,1036.3528425289285,529.0150092235452,441.76815361395273,65.5696796914305,0,0,2,2
43,870.058964444818,484.7381692863747,312.89245187862485,72.42834327981844,0,0,2,1
44,815.8323295692179,456.80050188205774,290.0240903387704,69.0077373483898,0,0,2,1
45,931.0804588181705,511.98240092757464,355.4116940660069,63.68636382458901,0,0,2,2
46,870.1276140983194,486.0134948241901,311.9900255647291,72.12409370940027,0,0,2,1
47,819.7752808988764,459.8315864497736,291.5098943484823,68.43380010062049,0,0,2,1
48,962.3358547026309,513.7737417397448,385.1324965712148,63.42961639167117,0,0,2,1
49,870.3984057058947,485.97700860079715,311.8346549192364,72.58674218586113,0,0,2,2
50,818.8951985226223,458.9524888776966,291.282002854025,68.66070679090069,0,0,2,1

