Test run with coverage
Iteration,Time(ms),Instrument methods(ms),Test run(ms),Restore original methods(ms),GCs,GCs(ms),Incremental GCs,Incremental GCs(ms)
1,858.1388969460904,483.07222475448555,315.59549165043717,59.4711805411677,0,0,2,1
2,816.5728251864126,455.0265948632974,292.00650372825186,69.5397265948633,0,0,2,1
3,889.3170056615643,529.2900398406374,297.0066680645838,63.02029775634305,0,0,2,1
4,867.7602498532741,480.5677454514966,313.6421145300578,73.55038987171963,0,0,2,1
5,800.0052607597034,447.0852077378733,285.2904602129158,67.6295928089143,0,0,2,1
6,884.9170754202826,519.0568901186433,303.38489917410806,62.47528612753113,0,0,2,1
7,860.0851081670301,477.58678517524737,309.1894180781486,73.30890491363408,0,0,2,1
8,880.4485204616999,547.1602938090241,269.32079748163693,63.96742917103882,0,0,2,1
9,865.3023021763744,487.5084916341678,317.71610684782155,60.077703694385036,0,0,2,1
10,826.4963344644129,461.0368648150475,295.3557454652088,70.1037241841565,0,0,2,1
11,886.3008170961659,526.3476639430128,296.50886235072284,63.44429080243034,0,0,2,1
12,858.1934147856699,475.18819631393666,310.19134396355355,72.81387450817975,0,0,2,1
13,816.295984238766,454.32599765258215,290.8423457411133,71.12764084507042,0,0,2,1
14,887.3590400941414,520.1158275195428,304.76670589224176,62.4765066823569,0,0,2,1
15,856.1703319675559,474.18843548791705,309.53913370683165,72.44276277280709,0,0,2,1
16,874.4398728884429,542.8451246027764,267.60407258738917,63.9906756982773,0,0,2,2
17,866.3780769069484,488.0110705749151,318.2989055227073,60.06810080932612,0,0,2,1
18,827.0553949298136,462.0099727634611,295.13836161743137,69.90706054892101,0,0,2,1
19,887.5446275101665,528.0880811637949,296.2401794323565,63.21636691401501,0,0,2,1
20,869.5938824319221,481.40460705744135,314.35543154449715,73.83384382998364,0,0,2,1
21,808.6245392091153,451.906543230563,288.07209282841825,68.64590315013405,0,0,2,1
22,873.4736885721389,511.8011104665617,299.6794563686086,61.99312173696859,0,0,2,1
23,857.4678514544388,475.21824964372536,309.9191466174868,72.33045519322658,0,0,2,1
24,878.4125680770842,546.6030163385002,267.74914118139924,64.06041055718475,0,0,2,1
25,864.5080077142378,486.4898541002851,317.2228324668791,60.79532114707362,0,0,2,1
26,822.6538171457303,458.9123020196095,293.87656079778765,69.8649543283332,0,0,2,1
27,884.7296664716208,522.9624258129231,298.9786006854468,62.78863997325086,0,0,2,1
28,866.711872222688,480.93288337385763,312.941686928817,72.83730192001342,0,0,2,1
29,809.2821705426356,451.91053844542216,289.11342970877854,68.25820238843495,0,0,2,1
30,883.3068186580613,518.1411927412934,302.80239721721637,62.36322869955157,0,0,2,1
31,858.1309339255039,475.2018686889848,310.15502576779653,72.7740394687225,0,0,2,1
32,878.810307982401,545.119798868636,268.83142677561284,64.8590823381521,0,0,2,2
33,864.1947487248098,485.18659586921984,318.37975583242746,60.62839702316247,0,0,2,0
34,820.4853285403779,456.6512288914897,293.91109346263164,69.92300618625647,0,0,2,2
35,884.1360996197401,523.1440391124482,298.03288621453345,62.95917429275835,0,0,2,1
36,863.4611908448052,477.88472321017616,312.52077492782126,73.05569270680782,0,0,2,1
37,809.6699983271998,452.6948394111743,288.511918701907,68.46324021411843,0,0,2,1
38,873.8598103755227,511.3809878690018,300.4398625429553,62.0389599635656,0,0,2,1
39,859.4789789160415,476.6984532841514,309.99874250744017,72.78178312444984,0,0,2,1
40,878.8753878406709,546.4815513626835,268.50423480083856,63.889601677148846,0,0,2,1
41,863.1383187727291,484.73381264891526,317.9873761651967,60.41712995861723,0,0,2,1
42,814.9688535453943,454.0136679920477,292.0403412856196,68.91484426772698,0,0,2,1
43,886.5954726472438,527.3577866275414,296.13431146510163,63.10337455460071,0,0,2,1
44,867.4260902318574,481.2915794760191,312.5803130493011,73.55419770653721,0,0,2,1
45,810.8686758603345,453.9390954436853,288.2233725950455,68.70620782160373,0,0,2,1
46,887.7384157336353,520.1928125131044,304.9669140772424,62.578689143288464,0,0,2,1
47,859.2231955738117,476.7312851035292,309.5979964791684,72.89391399111409,0,0,2,1
48,878.4779747684312,545.9793788507482,268.50106877907706,63.997527138605975,0,0,2,1
49,865.4362584862962,487.2643114575476,317.31992288995053,60.852024138798086,0,0,2,2
50,821.3132368927168,458.23350614599883,293.6120913119826,69.46763943473535,0,0,2,1

