Test run without coverage
Iteration,Time(ms),Instrument methods(ms),Test run(ms),Restore original methods(ms),GCs,GCs(ms),Incremental GCs,Incremental GCs(ms)
1,6.352566520008381,0.0,0.0,0.0,0,0,0,0
2,6.984455309013414,0.0,0.0,0.0,0,0,0,0
3,6.358507963118189,0.0,0.0,0.0,0,0,0,0
4,6.244511479805597,0.0,0.0,0.0,0,0,0,0
5,6.236156964352877,0.0,0.0,0.0,0,0,0,0
6,7.097644790880898,0.0,0.0,0.0,0,0,0,0
7,6.351893748952572,0.0,0.0,0.0,0,0,0,0
8,7.01530356246864,0.0,0.0,0.0,0,0,0,0
9,7.028133529288263,0.0,0.0,0.0,0,0,0,0
10,7.353064475559655,0.0,0.0,0.0,0,0,0,0
11,6.249286275807853,0.0,0.0,0.0,0,0,0,0
12,6.616484299668805,0.0,0.0,0.0,0,0,0,0
13,6.3175514308459375,0.0,0.0,0.0,0,0,0,0
14,6.972086005281026,0.0,0.0,0.0,0,0,0,0
15,6.283254628275315,0.0,0.0,0.0,0,0,0,0
16,6.202005790776719,0.0,0.0,0.0,0,0,0,0
17,6.303667338032897,0.0,0.0,0.0,0,0,0,0
18,7.0022632020117355,0.0,0.0,0.0,0,0,0,0
19,6.407975588345943,0.0,0.0,0.0,0,0,0,0
20,6.379999162443989,0.0,0.0,0.0,0,0,0,0
21,6.2776124407930585,0.0,0.0,0.0,0,0,0,0
22,7.015544690986586,0.0,0.0,0.0,0,0,0,0
23,6.294949834179925,0.0,0.0,0.0,0,0,0,0
24,6.336969747828641,0.0,0.0,0.0,0,0,0,0
25,6.703663341436835,0.0,0.0,0.0,0,0,0,0
26,6.932798395185556,0.0,0.0,0.0,0,0,0,0
27,6.304178366371904,0.0,0.0,0.0,0,0,0,0
28,6.281297134238311,0.0,0.0,0.0,0,0,0,0
29,6.235662932619963,0.0,0.0,0.0,0,0,0,0
30,6.964459346186086,0.0,0.0,0.0,0,0,0,0
31,6.243128875481816,0.0,0.0,0.0,0,0,0,0
32,6.227198594906536,0.0,0.0,0.0,0,0,0,0
33,6.278657616892911,0.0,0.0,0.0,0,0,0,0
34,6.935627360469995,0.0,0.0,0.0,0,0,0,0
35,6.264744100264074,0.0,0.0,0.0,0,0,0,0
36,6.278307808184786,0.0,0.0,0.0,0,0,0,0
37,6.249821944781934,0.0,0.0,0.0,0,0,0,0
38,6.939103101424979,0.0,0.0,0.0,0,0,0,0
39,6.246834649617651,0.0,0.0,0.0,0,0,0,0
40,6.336494481977256,0.0,0.0,0.0,0,0,0,0
41,6.248365465213747,0.0,0.0,0.0,0,0,0,0
42,6.930492709904475,0.0,0.0,0.0,0,0,0,0
43,6.309093948512203,0.0,0.0,0.0,0,0,0,0
44,6.275405439383145,0.0,0.0,0.0,0,0,0,0
45,6.243934123957591,0.0,0.0,0.0,0,0,0,0
46,6.9447578454724,0.0,0.0,0.0,0,0,0,0
47,6.28095537397863,0.0,0.0,0.0,0,0,0,0
48,6.220765073113504,0.0,0.0,0.0,0,0,0,0
49,6.220676110484309,0.0,0.0,0.0,0,0,0,0
50,6.990050377833753,0.0,0.0,0.0,0,0,0,0

Test run with coverage
Iteration,Time(ms),Instrument methods(ms),Test run(ms),Restore original methods(ms),GCs,GCs(ms),Incremental GCs,Incremental GCs(ms)
1,1532.6320892715341,511.26192167843857,418.1821373343921,603.1880302587035,0,0,144,63
2,1535.1191064917648,514.6788064205189,417.17119986588995,603.269100205356,0,0,143,62
3,1535.3711806865333,512.6260111488327,415.5703508110147,607.174818726686,0,0,143,64
4,1553.6342792471812,514.3461038688854,422.2176300456889,617.0705453326068,0,0,144,63
5,1543.8918602707672,513.3803693799098,415.92466154103295,614.5868293498245,0,0,143,64
6,1550.3811614197919,513.9138759981605,430.0563150633388,606.4109703582926,0,0,144,76
7,1543.584367816092,512.7977011494253,423.22440961337514,607.5622570532915,0,0,144,63
8,1542.348882450331,506.8694536423841,428.04006622516556,607.4393625827814,0,0,144,76
9,1547.2664381557497,513.7475233039335,428.5447895330853,604.9741253187309,0,0,143,75
10,1531.2150856665273,512.0451316339323,420.68178019222734,598.4881738403677,0,0,144,63
11,1513.7522658610271,504.9072135082564,410.69494681951744,598.1501055332533,0,0,143,63
12,1554.063615790797,515.8769172743274,424.80127399212137,613.3854245243483,0,0,144,64
13,1533.1165968147527,511.68772003352893,416.8150461022632,604.6138306789607,0,0,143,64
14,1541.3076116146358,515.2450067136623,414.76191675058743,611.300688150386,0,0,143,62
15,1533.0011315535812,510.8101504547169,417.1557353002808,605.0352457985834,0,0,143,63
16,1552.4431127687214,514.3010518375728,428.7301680425764,609.4118928885723,0,0,144,75
17,1531.4734269240412,511.4051140636751,415.5991058744882,604.4692069858778,0,0,143,63
18,1552.5415863167602,515.9641150331181,428.4250440177748,608.1524272658673,0,0,143,76
19,1534.8957375679063,510.3423318010865,415.5258253238613,609.0275804429587,0,0,143,63
20,1555.9837769859569,517.0140850974639,423.1855376231398,615.7841542653532,0,0,144,64
21,1561.731084357495,515.8077501881114,430.33370955605716,615.5896246133267,0,0,143,76
22,1548.808701483779,517.3667952049627,418.75438008215275,612.6875261966636,0,0,143,63
23,1559.0679128507506,513.1067201940367,435.57378831597873,610.3874043407352,0,0,144,76
24,1580.4874838062601,523.397091395378,446.0951565046596,610.9952359062225,0,0,143,97
25,1533.9780477586928,512.4475492249686,415.39065772936743,606.1398408043569,0,0,143,64
26,1554.0308830289607,522.5530527811442,427.3558025826403,604.1220276651761,0,0,143,77
27,1540.1009193480986,509.26452152110323,417.12081069786876,613.7155871291267,0,0,144,64
28,1546.1063945692256,516.2528494803888,427.5479383171304,602.3056067717064,0,0,143,75
29,1541.4853942914456,510.9055121400811,417.0724225834761,613.5074595678883,0,0,143,64
30,1547.8263749161636,516.8711854460093,421.30005030181087,609.6551391683433,0,0,144,66
31,1539.9498972789402,512.0836023646807,416.2856064735231,611.5806884407363,0,0,143,65
32,1556.3538706567751,516.951842072174,418.49297958841527,620.9090489961859,0,0,143,65
33,1533.9848725449226,511.82695361470957,417.62118679481824,604.5367321353949,0,0,143,64
34,1554.2597342721824,515.9251854646045,432.68494069323947,605.6496081143384,0,0,144,76
35,1534.8293944787054,509.07934274243615,424.4383924506436,601.3116592856256,0,0,143,76
36,1539.7938304203865,516.7498218701538,415.9040613604929,607.1399471897397,0,0,143,64
37,1550.6779888455571,512.0158929844425,421.8990229378958,616.7630729232188,0,0,144,65
38,1548.4750628667225,516.3461860854987,425.76538139145015,606.3634953897737,0,0,143,76
39,1539.3608433229945,513.5515969486127,418.2886243608014,607.5206220135804,0,0,144,65
40,1546.137660813812,517.0856137116037,416.396052466161,612.6559946360475,0,0,143,65
41,1543.4162998364986,511.13080115708715,417.00071269861235,615.284785980799,0,0,143,64
42,1557.2301341156747,514.8593880972338,431.58088851634534,610.7898575020955,0,0,143,78
43,1546.6045673580556,510.5119212235491,418.12537188351143,617.9672742509952,0,0,144,64
44,1556.782079692269,514.9768783710332,432.3277584981394,609.4774428230966,0,0,144,77
45,1540.7309733773561,511.4849751326953,425.05236761817196,604.1936306264889,0,0,143,76
46,1538.9276941778094,515.9699459278199,415.0929706165905,607.8647776333991,0,0,143,64
47,1536.9294995389387,512.2866124570374,417.7904266912566,606.8524603906446,0,0,143,64
48,1540.3693055613762,515.7575122584972,415.93499853317127,608.6767947697078,0,0,143,64
49,1531.5340290000838,510.4029838236527,414.9355041488559,606.1955410275752,0,0,143,64
50,1538.8378400969616,514.4483219793539,415.3951184853931,608.9943996322147,0,0,143,64

