Test run with coverage
Iteration,Time(ms),Instrument methods(ms),Test run(ms),Restore original methods(ms),GCs,GCs(ms),Incremental GCs,Incremental GCs(ms)
1,973.334101575595,502.5328947368421,408.1256704659738,62.67553637277908,0,0,2,1
2,853.6811818943839,476.02133277451804,305.7213746856664,71.93847443419949,0,0,2,2
3,891.8101589698418,538.7617969044923,288.0136319785244,65.03473008682522,0,0,2,1
4,876.9371040154408,495.2330801829396,320.83044518105146,60.87357865144967,0,0,2,1
5,837.7433060967944,467.03339618688454,300.3519798868636,70.35793002304631,0,0,2,1
6,901.8788515700534,538.986758585901,297.94497456807767,64.94711841607466,0,0,2,1
7,869.8707716812676,489.54298528733705,318.68424361822525,61.64354277570524,0,0,2,1
8,835.6513185433236,466.74106320636247,298.6757639179573,70.23449141900377,0,0,2,1
9,890.9873412415643,526.7413756968605,299.93557446451774,64.31039108018611,0,0,2,1
10,881.3670415116425,489.80163872747795,317.4305003971406,74.13490238702396,0,0,2,1
11,822.9435828652863,460.47447397099506,292.85044848688074,69.61866040741052,0,0,2,1
12,881.1891287235364,515.0729585284004,302.56991341094584,63.54625678419025,0,0,2,1
13,875.2522390558299,486.18330961747716,315.49414078848247,73.57478864987026,0,0,2,1
14,821.9297297297297,458.85250366645715,293.78101822752984,69.29620783574272,0,0,2,1
15,893.6738719832109,522.45481636936,307.3051416579224,63.91391395592865,0,0,2,1
16,873.0977047535432,485.3066181696559,314.2322003428237,73.55888624106359,0,0,2,1
17,821.3477897202124,459.6087574756388,292.6202584584501,69.11877378612354,0,0,2,2
18,890.0948737247031,520.3580866365613,306.2826977755478,63.45408931259408,0,0,2,1
19,873.9835222282632,485.8577223871858,314.4488310819288,73.67696875914851,0,0,2,1
20,823.0528676840516,459.87933925876234,293.72752808988764,69.44600033540165,0,0,2,1
21,890.6382960882144,520.5061003731499,306.05714645088256,64.0750492641818,0,0,2,1
22,876.9189211861918,487.5044670945011,315.5882303594648,73.826223732226,0,0,2,1
23,822.1722201265769,460.02443522360534,292.56624334632636,69.58154155664529,0,0,2,1
24,889.8863655374321,520.3030112923464,305.3466750313676,64.2366792137181,0,0,2,1
25,873.679657118963,485.90980556136316,314.1292912398076,73.64056031779218,0,0,2,1
26,823.3897921555481,460.65391384512236,293.30983908816626,69.42603922225948,0,0,2,1
27,893.1227099316648,522.0996939588312,307.1008258919214,63.92219008091225,0,0,2,1
28,875.8605343735582,486.8493351788935,315.41361520070467,73.59758399395999,0,0,2,1
29,822.5534852490663,459.33068949599226,293.5236896218893,69.69910613118469,0,0,2,1
30,889.972459043798,520.2757438983617,305.7421848879973,63.95453025743898,0,0,2,1
31,862.9016305247476,479.0298377752028,311.2616702532693,72.61012249627545,0,0,2,2
32,823.0376368900264,460.00637771157636,293.44291528552844,69.58834389292159,0,0,2,1
33,891.331180540994,520.0245334451668,306.8827427133571,64.42390438247011,0,0,2,1
34,872.9297446399465,484.86646884272994,314.59242696535296,73.47084883186359,0,0,2,1
35,819.4250773476043,457.67626891880593,292.54009532569614,69.20871310310227,0,0,2,1
36,889.950165278882,519.6190217163899,306.55349596217417,63.777647600318005,0,0,2,1
37,873.4221859842783,484.71592239504935,314.7632965378826,73.94296705134637,0,0,2,1
38,823.7964209558055,459.18229711084166,294.97173558556676,69.64238825939708,0,0,2,1
39,890.5832671321654,520.2292511602626,306.5480620479157,63.805953923987126,0,0,2,1
40,875.2318069462483,484.80020109765803,316.62625162344466,73.80535422514559,0,0,2,1
41,812.4102595950814,453.98045791413074,289.9830662857616,68.44673539518901,0,0,2,1
42,889.8702501152122,519.9304537265909,306.1346516402028,63.80514474841845,0,0,2,1
43,862.6384370213999,478.8958566165818,310.92226499441205,72.82031541040605,0,0,2,1
44,824.8119991608978,461.63612334801763,293.8931822949444,69.28269351793581,0,0,2,1
45,892.3667770743365,521.3673640518217,306.9786591757159,64.02075384679888,0,0,2,1
46,876.7862953954542,486.71110458777156,316.05430680197935,74.02088400570327,0,0,2,2
47,821.6947006540332,458.6627536474929,293.6183967801442,69.41355022639611,0,0,2,1
48,890.2636607442172,519.5450050284948,307.03695943680856,63.68169627891385,0,0,2,1
49,876.811768162169,486.60015948293955,316.5910521677089,73.62055651152055,0,0,2,1
50,821.6367635967486,459.1165256012738,293.2269337132322,69.29330428224252,0,0,2,1

