Test run without coverage
Iteration,Time(ms),Instrument methods(ms),Test run(ms),Restore original methods(ms),GCs,GCs(ms),Incremental GCs,Incremental GCs(ms)
1,6.406551463803372,0.0,0.0,0.0,0,0,0,0
2,6.315341385673545,0.0,0.0,0.0,0,0,0,0
3,6.306051462576481,0.0,0.0,0.0,0,0,0,0
4,6.236240544945463,0.0,0.0,0.0,0,0,0,0
5,7.014165374460417,0.0,0.0,0.0,0,0,0,0
6,6.293599899409028,0.0,0.0,0.0,0,0,0,0
7,6.284925778799916,0.0,0.0,0.0,0,0,0,0
8,6.278217863280104,0.0,0.0,0.0,0,0,0,0
9,7.025398155909472,0.0,0.0,0.0,0,0,0,0
10,6.2542719866304575,0.0,0.0,0.0,0,0,0,0
11,6.26053061737709,0.0,0.0,0.0,0,0,0,0
12,6.333570740290754,0.0,0.0,0.0,0,0,0,0
13,6.950927938471827,0.0,0.0,0.0,0,0,0,0
14,6.238777819690683,0.0,0.0,0.0,0,0,0,0
15,6.327129443326626,0.0,0.0,0.0,0,0,0,0
16,6.581649552832063,0.0,0.0,0.0,0,0,0,0
17,7.145679012345679,0.0,0.0,0.0,0,0,0,0
18,6.522310372329262,0.0,0.0,0.0,0,0,0,0
19,6.350457099723224,0.0,0.0,0.0,0,0,0,0
20,6.217254251347988,0.0,0.0,0.0,0,0,0,0
21,6.977052332385889,0.0,0.0,0.0,0,0,0,0
22,6.319897766790967,0.0,0.0,0.0,0,0,0,0
23,6.2404195745747835,0.0,0.0,0.0,0,0,0,0
24,6.303133257833145,0.0,0.0,0.0,0,0,0,0
25,7.072952916020292,0.0,0.0,0.0,0,0,0,0
26,6.269709543568465,0.0,0.0,0.0,0,0,0,0
27,6.291194784571022,0.0,0.0,0.0,0,0,0,0
28,6.256462898562869,0.0,0.0,0.0,0,0,0,0
29,7.006370227567998,0.0,0.0,0.0,0,0,0,0
30,6.293458725182863,0.0,0.0,0.0,0,0,0,0
31,6.26281164885816,0.0,0.0,0.0,0,0,0,0
32,6.238720228111372,0.0,0.0,0.0,0,0,0,0
33,6.983237187526127,0.0,0.0,0.0,0,0,0,0
34,6.260771165129925,0.0,0.0,0.0,0,0,0,0
35,6.308491910470282,0.0,0.0,0.0,0,0,0,0
36,6.2297918132527625,0.0,0.0,0.0,0,0,0,0
37,6.965176214222855,0.0,0.0,0.0,0,0,0,0
38,6.281924479275806,0.0,0.0,0.0,0,0,0,0
39,6.237680187730473,0.0,0.0,0.0,0,0,0,0
40,6.270214900911448,0.0,0.0,0.0,0,0,0,0
41,7.033340322918851,0.0,0.0,0.0,0,0,0,0
42,6.264099555853515,0.0,0.0,0.0,0,0,0,0
43,6.217995943876495,0.0,0.0,0.0,0,0,0,0
44,6.274072521483966,0.0,0.0,0.0,0,0,0,0
45,7.028792958927075,0.0,0.0,0.0,0,0,0,0
46,6.1792187370686085,0.0,0.0,0.0,0,0,0,0
47,6.248338419094595,0.0,0.0,0.0,0,0,0,0
48,6.328342559973159,0.0,0.0,0.0,0,0,0,0
49,6.929777517073784,0.0,0.0,0.0,0,0,0,0
50,6.229743846893151,0.0,0.0,0.0,0,0,0,0

Test run with coverage
Iteration,Time(ms),Instrument methods(ms),Test run(ms),Restore original methods(ms),GCs,GCs(ms),Incremental GCs,Incremental GCs(ms)
1,1335.838843843213,521.714489770197,432.03881863630636,382.0855354367097,0,0,143,76
2,1531.0108121699773,509.65078367278517,414.6316737909647,606.7283547062275,0,0,143,63
3,1562.9098109886424,513.6065965382842,435.69238506349274,613.6108293868656,0,0,144,75
4,1537.4209096229413,509.2820834378397,421.811136192626,606.3276899924756,0,0,144,64
5,1551.7886863607794,513.3270898805782,429.08011732662897,609.3814791535722,0,0,143,75
6,1530.9691169710393,510.5499602992185,413.2069873375402,607.2121693342806,0,0,143,63
7,1549.616974015088,515.6154652137468,429.3285414920369,604.6729673093042,0,0,143,75
8,1531.373098144123,511.1049991640194,416.1975840160508,604.0705149640528,0,0,143,62
9,1540.3311541362837,513.6016260162602,417.9914089347079,608.7381191853156,0,0,143,64
10,1536.2112233351495,513.7534470474833,416.6198818155149,605.8378944721512,0,0,143,63
11,1549.4569630872484,513.4050755033558,430.23619966442953,605.8156879194631,0,0,143,74
12,1533.4082758620689,511.09224660397075,416.0199791013584,606.2960501567399,0,0,143,63
13,1553.6586823844161,513.7251065964384,424.31456399966555,615.619011788312,0,0,144,64
14,1553.2466253039322,510.85763393980045,423.9011067326235,618.4878846315083,0,0,144,65
15,1544.4452197894034,513.3543372889854,418.14566271101455,612.9452197894033,0,0,143,65
16,1546.462054226208,512.2345053010937,419.63059967313416,614.59694925198,0,0,143,64
17,1536.2632987621278,512.9362244897959,417.0699230511877,606.2571512211442,0,0,143,63
18,1548.7956885726246,509.1746755964839,427.44072833821684,612.1802846379238,0,0,143,75
19,1542.412430325636,513.3954989313105,421.26432253468005,607.7526088596454,0,0,143,63
20,1519.3897905108884,506.2136292125528,413.10991968204024,600.0662416162954,0,0,143,64
21,1550.6915781964667,515.6018631194662,417.39515756787375,617.6945575091268,0,0,143,62
22,1533.159500460984,510.34435504148854,417.88789707484705,604.9272483446484,0,0,143,64
23,1561.3316010058675,524.0828164291702,420.58260687342835,616.6661777032691,0,0,143,68
24,1559.653464101597,514.4748313005574,430.04321220503795,615.1354205960015,0,0,143,76
25,1545.9748113998323,513.4368398994133,419.16462699077954,613.3733445096395,0,0,144,64
26,1543.6229001253657,509.4214793146678,421.3237776849143,612.8776431257835,0,0,143,65
27,1537.3031721486186,514.7085719062147,415.95202072971955,606.6425795126844,0,0,143,64
28,1548.4817484598298,510.59859184443235,429.7739407401199,608.1092158752776,0,0,144,77
29,1547.722448124083,517.2904212953259,416.08778033955144,614.3442464892056,0,0,143,64
30,1534.1080787394992,511.759267772809,418.43682868725705,603.9119822794332,0,0,143,65
31,1539.323986627664,518.1657333890514,417.7890096113665,603.3692436272461,0,0,143,65
32,1543.0870075440066,515.0347024308466,418.1683989941324,609.8839061190276,0,0,143,65
33,1550.6210971878797,516.2704413058966,420.4662000754369,613.8844558065463,0,0,143,64
34,1544.1282846485897,511.4923515359792,428.3861112275261,604.2498218850844,0,0,143,76
35,1539.6436421378128,513.5424344991851,418.76862646776146,607.3325811708662,0,0,144,63
36,1536.6476453829396,511.4571392659628,418.0485587397352,607.1419473772415,0,0,143,64
37,1553.277614817298,515.228126047603,428.1058917197452,609.9435970499497,0,0,143,76
38,1528.3030670232324,510.7253468159786,414.19864616413173,603.3790740431222,0,0,143,64
39,1559.4549874266554,517.3073344509639,431.637384744342,610.5102682313495,0,0,144,77
40,1553.632058058562,513.5844450037755,432.62534608608104,607.4222669687055,0,0,144,77
41,1566.93242506812,515.6453992873611,444.3675958918466,606.9194298889122,0,0,143,92
42,1565.651231981227,529.1829953067382,420.4078109285954,616.0604257458934,0,0,143,66
43,1555.7779780367173,517.4649593427781,432.5438427361891,605.76917595775,0,0,143,78
44,1530.8582769282193,512.420698587783,414.267109551266,604.1704687891702,0,0,143,64
45,1562.510080898688,527.6870520182756,421.1501026952257,613.6729261851867,0,0,143,65
46,1559.589786591757,516.4531885455536,418.32417927969476,624.8124187665087,0,0,143,65
47,1591.0999371201005,517.5890588975058,447.4286732341228,626.082204988472,0,0,144,93
48,1544.6261000754337,512.8123376079121,420.1968820719135,611.6168803956081,0,0,143,64
49,1552.0890118179532,517.7756265191518,427.6692230324365,606.6441622663649,0,0,143,76
50,1534.5549595608263,513.260109793404,415.4205254997276,605.8743242676948,0,0,143,64

