Test run without coverage
Iteration,Time(ms),Instrument methods(ms),Test run(ms),Restore original methods(ms),GCs,GCs(ms),Incremental GCs,Incremental GCs(ms)
1,6.345117211984455,0.0,0.0,0.0,0,0,0,0
2,7.067767486693768,0.0,0.0,0.0,0,0,0,0
3,6.302075036679941,0.0,0.0,0.0,0,0,0,0
4,6.1806705124989545,0.0,0.0,0.0,0,0,0,0
5,6.23563459441322,0.0,0.0,0.0,0,0,0,0
6,6.96452086391277,0.0,0.0,0.0,0,0,0,0
7,6.260900583322842,0.0,0.0,0.0,0,0,0,0
8,6.189420295929915,0.0,0.0,0.0,0,0,0,0
9,6.26226904105008,0.0,0.0,0.0,0,0,0,0
10,6.906854940082125,0.0,0.0,0.0,0,0,0,0
11,6.226120122385683,0.0,0.0,0.0,0,0,0,0
12,6.229720689078441,0.0,0.0,0.0,0,0,0,0
13,6.196840164277932,0.0,0.0,0.0,0,0,0,0
14,6.934584540454297,0.0,0.0,0.0,0,0,0,0
15,6.302945125020977,0.0,0.0,0.0,0,0,0,0
16,6.21562317144529,0.0,0.0,0.0,0,0,0,0
17,6.165227958431109,0.0,0.0,0.0,0,0,0,0
18,6.970542635658915,0.0,0.0,0.0,0,0,0,0
19,6.195144373406878,0.0,0.0,0.0,0,0,0,0
20,6.228951007920875,0.0,0.0,0.0,0,0,0,0
21,6.252451596680915,0.0,0.0,0.0,0,0,0,0
22,6.855907419786096,0.0,0.0,0.0,0,0,0,0
23,6.235508613101974,0.0,0.0,0.0,0,0,0,0
24,6.221593765711413,0.0,0.0,0.0,0,0,0,0
25,6.162230514096186,0.0,0.0,0.0,0,0,0,0
26,6.920368818105616,0.0,0.0,0.0,0,0,0,0
27,6.17254819782062,0.0,0.0,0.0,0,0,0,0
28,6.218544433736959,0.0,0.0,0.0,0,0,0,0
29,6.218614175860916,0.0,0.0,0.0,0,0,0,0
30,6.933341712753477,0.0,0.0,0.0,0,0,0,0
31,6.168301475519786,0.0,0.0,0.0,0,0,0,0
32,6.168811819724372,0.0,0.0,0.0,0,0,0,0
33,6.243032563597502,0.0,0.0,0.0,0,0,0,0
34,6.917361605833299,0.0,0.0,0.0,0,0,0,0
35,6.191743617599131,0.0,0.0,0.0,0,0,0,0
36,6.247045016346718,0.0,0.0,0.0,0,0,0,0
37,6.2037456008044245,0.0,0.0,0.0,0,0,0,0
38,6.860100194592804,0.0,0.0,0.0,0,0,0,0
39,6.247622638347786,0.0,0.0,0.0,0,0,0,0
40,6.145401215168657,0.0,0.0,0.0,0,0,0,0
41,6.1926597834719725,0.0,0.0,0.0,0,0,0,0
42,6.959220452640403,0.0,0.0,0.0,0,0,0,0
43,6.182477164166597,0.0,0.0,0.0,0,0,0,0
44,6.208416917418924,0.0,0.0,0.0,0,0,0,0
45,6.198240100565682,0.0,0.0,0.0,0,0,0,0
46,6.932548000335373,0.0,0.0,0.0,0,0,0,0
47,6.130060435466512,0.0,0.0,0.0,0,0,0,0
48,6.259504547931424,0.0,0.0,0.0,0,0,0,0
49,6.174117055595123,0.0,0.0,0.0,0,0,0,0
50,6.896097908546041,0.0,0.0,0.0,0,0,0,0

Test run with coverage
Iteration,Time(ms),Instrument methods(ms),Test run(ms),Restore original methods(ms),GCs,GCs(ms),Incremental GCs,Incremental GCs(ms)
1,1561.7260342876305,516.4949490715513,420.61738693046067,624.6136982856185,0,0,144,63
2,1551.0986498348868,510.181164569661,428.1071771934958,612.8103080717301,0,0,143,74
3,1548.3564269238834,516.7732438666387,416.9245963514364,614.6585867058084,0,0,143,63
4,1550.4263374140533,511.1085024316619,426.0615881267818,613.2562468556096,0,0,144,64
5,1536.1146965390403,513.1351780638689,415.14387226216354,607.8356462130079,0,0,143,65
6,1538.2156493343382,513.8630159926316,419.5615841915766,604.7910491501298,0,0,144,65
7,1533.1836871134883,509.59861273608556,418.7904479358182,604.7946264415845,0,0,144,65
8,1541.743686550885,513.970928769192,422.904144643007,604.8686131386861,0,0,144,64
9,1548.1176766406838,515.6296622244573,417.5598021959601,614.9282122202666,0,0,143,64
10,1562.9617481754885,514.0488633503901,426.9091519167855,622.003732908313,0,0,144,65
11,1579.3400150968716,517.1061813302022,446.21798205149713,616.0158517151724,0,0,143,91
12,1555.9141865908712,512.1208827955192,422.3968817923424,621.3964220030095,0,0,144,64
13,1542.8772677869742,515.5680127079676,414.9305660061868,612.37868907282,0,0,143,63
14,1567.4217610062892,513.2325366876311,429.97190775681344,624.2173165618449,0,0,143,75
15,1548.9973161117168,518.5004193575443,416.5455422293047,613.951354524868,0,0,143,63
16,1562.5573165618448,513.5121174004192,433.7606708595388,615.2845283018868,0,0,144,76
17,1559.117600201241,521.0816703001844,421.21218346469897,616.8237464363575,0,0,143,64
18,1552.2952094306497,513.3969149736644,427.10860295961874,611.7896914973664,0,0,143,75
19,1546.8077890500545,514.2635616668064,419.7205080908862,612.8237192923618,0,0,143,63
20,1573.349276881157,515.3313351498638,437.98645986166423,620.031481869629,0,0,144,76
21,1548.9393179538615,513.7621196924106,425.55938649281177,609.6178117686393,0,0,143,75
22,1541.90067276754,511.83343780034267,418.1047177301408,611.9625172370565,0,0,143,63
23,1557.3387912452329,508.2857320510695,442.13791245232966,606.9151467418338,0,0,144,89
24,1582.740202037138,522.1040784675357,447.65184222660014,612.9842813430021,0,0,143,98
25,1547.4168692881697,513.8747379894357,418.3926385511864,615.1494927475476,0,0,143,65
26,1557.3059864173724,515.8840446046785,417.7100276683156,623.7119141443783,0,0,143,65
27,1545.3958071278826,513.9119916142557,417.5198742138365,613.9639412997903,0,0,143,64
28,1574.3528178463603,516.3705551828245,445.5015095605502,612.4807531029855,0,0,143,91
29,1548.8794332187474,514.3766663871887,418.8948184790811,615.6079483524776,0,0,143,64
30,1557.122259024779,519.075636241667,422.10360152614146,615.9430212569704,0,0,144,66
31,1558.8546883491492,516.8819447347519,426.5808285606789,615.3919150537184,0,0,143,77
32,1545.864179417313,517.4643470970447,418.6672814923496,609.7325508279187,0,0,143,64
33,1536.25405337467,514.6995265825967,417.73274959152036,603.821777200553,0,0,143,65
34,1542.6179310344828,511.04280041797284,419.42687565308256,612.1482549634273,0,0,144,64
35,1533.3655774694969,514.0486378071201,416.2006936319572,603.1162460304196,0,0,143,64
36,1537.8423692680683,509.9084980980646,415.6377962630105,612.2960749069932,0,0,143,64
37,1541.257609378271,515.3788570232364,420.39698555578815,605.4817667992464,0,0,144,65
38,1543.5166728801623,509.7377490576198,423.97315769852116,609.8057661240214,0,0,143,76
39,1540.8313843832516,515.9507523366444,417.4135546334716,607.4670774131355,0,0,144,64
40,1559.9926199261993,514.4114391143911,430.2427876551493,615.3383931566589,0,0,143,76
41,1539.0928409757732,513.5429625282924,418.3816749098835,607.1682035375975,0,0,143,64
42,1556.7350420203202,513.2841911610988,429.4039386210645,614.046912238157,0,0,143,77
43,1551.7285726266355,516.7947836296545,419.40841999329086,615.52536900369,0,0,144,65
44,1561.2857202750292,515.3507462686567,424.8850830119068,621.0498909944658,0,0,144,66
45,1556.8727722564684,515.1889126514866,431.7389608755818,609.9448987293999,0,0,143,78
46,1542.9405305729015,513.2042663760949,415.65579816436866,614.0804660324379,0,0,143,64
47,1548.0717518860017,514.6129924559933,427.1251466890193,606.3336127409891,0,0,143,75
48,1529.7604044793582,512.4376984790239,413.4500250710346,603.8726809292997,0,0,143,64
49,1546.0551108503416,516.378190352458,416.62067809396086,613.0562424039227,0,0,143,64
50,1532.202363491598,512.0602187486904,414.2009805975778,605.9411641453296,0,0,143,64

