Test run with coverage
Iteration,Time(ms),Instrument methods(ms),Test run(ms),Restore original methods(ms),GCs,GCs(ms),Incremental GCs,Incremental GCs(ms)
1,2857.1327226335384,438.5713807671393,2374.6493077341365,43.91203413226252,0,0,2,2
2,2819.9372857262315,408.04933522869806,2365.629316832511,46.25863366502216,0,0,2,2
3,2867.2059366090893,448.2596847224551,2374.7114707362066,44.23478115042764,0,0,2,2
4,2831.225053434475,409.51921545618376,2375.0678513054777,46.637986672813376,0,0,2,1
5,2863.6995269789445,448.96960944367703,2371.3311565992717,43.39876093599565,0,0,2,1
6,2828.42763405358,410.52956910603086,2370.9984536297907,46.89961131775818,0,0,2,2
7,2833.0924331484393,446.28392251014156,2343.992631840384,42.81587879791373,0,0,2,2
8,2836.25966294961,409.1383415779324,2379.811100863587,47.310220508090886,0,0,2,2
9,2868.367745722912,451.05249916135523,2373.2097869842337,44.105459577323046,0,0,2,2
10,2842.3840154310633,410.90628144917815,2384.279688024153,47.198045957732305,0,0,2,2
11,2872.9353634495196,452.50161486514827,2376.3812340086406,44.05251457573088,0,0,2,1
12,2839.7463062458028,410.59943754197445,2381.7392545332436,47.40761417058428,0,0,2,2
13,2861.863573494279,448.8256004023639,2368.680497925311,44.3574751666038,0,0,2,2
14,2830.1274452432704,409.98035445577665,2373.100192275539,47.046898511954524,0,0,2,2
15,2864.650790323257,450.25424510502705,2370.7861305605634,43.61041465766635,0,0,2,1
16,2800.0344713291347,404.97062479284057,2348.4489144845875,46.614932051706994,0,0,2,2
17,2854.986584754263,449.8141507856904,2361.492853560682,43.679580407890334,0,0,2,2
18,2828.6344769874477,407.1294560669456,2374.595815899582,46.9092050209205,0,0,2,2
19,2868.7655562539285,451.8702702702703,2372.465828619317,44.42945736434108,0,0,2,1
20,2838.415348466412,411.05857424579364,2379.9869928250746,47.369781395543995,0,0,2,2
21,2858.4287445670343,450.58241390839186,2363.9537362086257,43.892594450016716,0,0,2,2
22,2838.245587557121,411.0952081499182,2379.879134700038,47.27124470716472,0,0,2,2
23,2866.389320021813,451.16087084189775,2371.2243382692227,44.00411091069256,0,0,2,1
24,2805.630110291069,407.25624015258313,2352.645617381209,45.72825275727672,0,0,2,2
25,2855.409102306921,449.1705115346038,2362.0368187897025,44.20177198261451,0,0,2,2
26,2832.4895178197066,410.76343815513627,2374.7851991614257,46.940880503144655,0,0,2,2
27,2871.8873516958033,453.41709638200643,2374.0362637823337,44.43399153146355,0,0,2,2
28,2837.2654455528545,410.2918937044178,2379.6415458127253,47.332006035711295,0,0,2,2
29,2866.28161521384,450.3489297532778,2371.5504544883343,44.38223097222804,0,0,2,2
30,2837.2176736780357,412.1588452191402,2377.6048772312074,47.453951227687924,0,0,2,2
31,2870.301723053704,451.75193895946,2374.147318995514,44.40246509872972,0,0,2,2
32,2843.3510781105797,411.18562798892526,2384.7904606091115,47.374989512542996,0,0,2,2
33,2866.017903563941,448.64880503144656,2372.7495597484276,44.61953878406709,0,0,2,2
34,2837.2302532282406,411.09906926043936,2378.8227402314274,47.30844373637431,0,0,2,2
35,2871.8542121161267,452.380139285115,2374.9150025172007,44.55907031381104,0,0,2,2
36,2837.73634383378,410.9910355227882,2379.3921749329756,47.35313337801609,0,0,2,2
37,2863.158527391523,448.77902496230524,2370.464483163009,43.915019266208745,0,0,2,2
38,2827.4984738888656,410.0554835472676,2370.041434962579,47.40155537901911,0,0,2,2
39,2863.459570198177,451.23342252696716,2367.768208044151,44.45793962705912,0,0,2,2
40,2800.6273641518023,405.3640276455738,2349.0078218764224,46.2555146298059,0,0,2,2
41,2868.00138289402,451.6580061182584,2372.483719565855,43.85965720990655,0,0,2,2
42,2836.5734523659835,409.79223772999705,2379.992413764198,46.788800871788425,0,0,2,2
43,2873.4474434199496,451.5574182732607,2376.6291701592622,45.260854987426654,0,0,2,2
44,2840.222986000503,412.81515634168835,2379.9803839383017,47.427445720513035,0,0,2,2
45,2858.784491398029,450.0240938700518,2364.510397527977,44.25,0,0,2,2
46,2805.6491801921165,406.2106243789334,2352.6418930109307,46.7966628022524,0,0,2,2
47,2872.35067550558,452.31803306201226,2376.229084501133,43.80355794243518,0,0,2,2
48,2843.6125372883494,411.88534095206086,2384.4006134196043,47.326582916684174,0,0,2,2
49,2865.124559785343,451.9367767902063,2369.527670635586,43.66011235955056,0,0,2,2
50,2836.816334227288,411.2007207509219,2378.239188736172,47.37642474019444,0,0,2,2

