Test run without coverage
Iteration,Time(ms),Instrument methods(ms),Test run(ms),Restore original methods(ms),GCs,GCs(ms),Incremental GCs,Incremental GCs(ms)
1,2057.49101118887,0.0,0.0,0.0,0,0,1,1
2,2058.1908355343144,0.0,0.0,0.0,0,0,1,1
3,2055.026247379455,0.0,0.0,0.0,0,0,1,1
4,2062.0291152004033,0.0,0.0,0.0,0,0,1,1
5,2056.0699253793914,0.0,0.0,0.0,0,0,1,1
6,2048.702353580536,0.0,0.0,0.0,0,0,1,1
7,2054.501530334158,0.0,0.0,0.0,0,0,1,1
8,2056.954598809424,0.0,0.0,0.0,0,0,1,1
9,2029.8665149006622,0.0,0.0,0.0,0,0,1,1
10,2057.6711938296444,0.0,0.0,0.0,0,0,1,1
11,2058.1445161831293,0.0,0.0,0.0,0,0,1,0
12,2057.6987244041625,0.0,0.0,0.0,0,0,1,1
13,2056.6547559134374,0.0,0.0,0.0,0,0,1,1
14,2058.744750408651,0.0,0.0,0.0,0,0,1,1
15,2050.4916408927525,0.0,0.0,0.0,0,0,1,1
16,2049.301718011955,0.0,0.0,0.0,0,0,1,1
17,2056.5107961930316,0.0,0.0,0.0,0,0,1,1
18,2050.7449841163684,0.0,0.0,0.0,0,0,1,1
19,2057.71633707016,0.0,0.0,0.0,0,0,1,1
20,2056.9314165792234,0.0,0.0,0.0,0,0,1,1
21,2056.431637186688,0.0,0.0,0.0,0,0,1,1
22,2056.759527103509,0.0,0.0,0.0,0,0,1,1
23,2052.9095367847412,0.0,0.0,0.0,0,0,1,1
24,2030.5243917602686,0.0,0.0,0.0,0,0,1,1
25,2031.4659932938694,0.0,0.0,0.0,0,0,1,1
26,2038.0614969935725,0.0,0.0,0.0,0,0,1,1
27,2052.55668720399,0.0,0.0,0.0,0,0,1,1
28,2047.2383898340508,0.0,0.0,0.0,0,0,1,1
29,2058.9045542229305,0.0,0.0,0.0,0,0,1,1
30,2057.2150163494593,0.0,0.0,0.0,0,0,1,1
31,2057.469791622993,0.0,0.0,0.0,0,0,1,1
32,2058.9440067057835,0.0,0.0,0.0,0,0,1,1
33,2031.3440321378282,0.0,0.0,0.0,0,0,1,1
34,2060.4448031529078,0.0,0.0,0.0,0,0,1,1
35,2048.9237584227603,0.0,0.0,0.0,0,0,1,0
36,2056.493456924755,0.0,0.0,0.0,0,0,1,1
37,2049.1246394984328,0.0,0.0,0.0,0,0,1,1
38,2060.0253376961155,0.0,0.0,0.0,0,0,1,1
39,2030.3805148580416,0.0,0.0,0.0,0,0,1,1
40,2057.3033250870058,0.0,0.0,0.0,0,0,1,1
41,2057.899773546926,0.0,0.0,0.0,0,0,1,1
42,2059.2030863420973,0.0,0.0,0.0,0,0,1,1
43,2053.857112909312,0.0,0.0,0.0,0,0,1,1
44,2055.365111306754,0.0,0.0,0.0,0,0,1,1
45,2056.644713674855,0.0,0.0,0.0,0,0,1,1
46,2060.779790356394,0.0,0.0,0.0,0,0,1,1
47,2055.500901278558,0.0,0.0,0.0,0,0,1,1
48,2056.884375131011,0.0,0.0,0.0,0,0,1,1
49,2054.777959286253,0.0,0.0,0.0,0,0,1,1
50,2057.9224513749164,0.0,0.0,0.0,0,0,1,1

Test run with coverage
Iteration,Time(ms),Instrument methods(ms),Test run(ms),Restore original methods(ms),GCs,GCs(ms),Incremental GCs,Incremental GCs(ms)
1,10896.09657255527,412.2360196333431,9950.01925577883,533.8412971430969,0,0,1341,1252
2,10833.231915697552,402.91834249968514,9951.962382971577,478.35119022628993,0,0,1341,1285
3,10921.047878584604,410.93208116719774,9986.724215998658,523.391581418749,0,0,1341,1279
4,10727.679361640068,398.6823200966707,9859.656194008083,469.34084753531397,0,0,1341,1264
5,10908.207593874555,412.2874344451437,9974.545248584016,521.3749108453954,0,0,1341,1245
6,10876.211872951853,403.6748592555247,9980.495294513066,492.04171918326193,0,0,1341,1286
7,10908.953978060774,411.4844702223343,9966.410751061236,531.0587567772034,0,0,1341,1272
8,9611.34813025735,398.8406346297993,8737.397309902557,475.11018572499376,0,0,1338,164
9,10846.691173399056,409.3300472033084,9913.840260662517,523.5208655332303,0,0,1341,1271
10,10848.573637887677,402.3139983235541,9974.518901927913,471.74073763621124,0,0,1341,1286
11,10953.054096086755,410.51456433104954,10023.09768399815,519.4418477575554,0,0,1341,1270
12,10827.252252252252,402.75935470354074,9958.203435994134,466.2894615545778,0,0,1341,1284
13,9845.874705783457,416.71376933423,8901.091963685272,528.0689727639543,0,0,1338,164
14,10868.64793159814,401.2699610209984,10001.192841275828,466.18512930131186,0,0,1341,1311
15,10836.765392471549,407.82558672724997,9909.64992288132,519.2898828629789,0,0,1341,1264
16,10827.45706266756,404.5594839142091,9953.010011729222,469.8875670241287,0,0,1341,1287
17,10905.009476288315,410.97714788880035,9959.778984443792,534.2533439557214,0,0,1341,1247
18,10819.428146222856,402.8457701014505,9930.447178670243,486.1351974511612,0,0,1341,1258
19,10890.793466851408,414.0,9949.266826216568,527.5266406348406,0,0,1341,1247
20,10904.534340255927,401.31457940004196,10025.208055380743,478.0117054751416,0,0,1341,1288
21,10835.820423121773,410.4646010328169,9901.085623854739,524.2701982342162,0,0,1341,1271
22,10681.523700718708,398.2113331394624,9819.92962485979,463.38274271945494,0,0,1341,1261
23,10986.093680266094,411.8163866784557,10049.220748600059,525.0565449875795,0,0,1341,1271
24,9706.682026487282,401.6157241959218,8825.6365356317,479.42976665965944,0,0,1338,164
25,10864.951337280094,410.58781542595625,9924.392366796827,529.971155057312,0,0,1341,1247
26,10815.313495389773,400.4670997485331,9945.360477787091,469.4859178541492,0,0,1341,1283
27,10811.132941470736,408.7889778222445,9879.581457395365,522.7625062531266,0,0,1341,1265
28,10785.602363689703,400.64112987720546,9920.870877163572,464.090356648925,0,0,1341,1285
29,10941.881052278259,410.1903163547873,10011.299781824284,520.390954099186,0,0,1341,1269
30,10855.145595637583,402.66040268456373,9982.43716442953,470.04802852348996,0,0,1341,1287
31,9765.360120040013,410.54722407469154,8824.961278759587,529.8516172057352,0,0,1338,182
32,10852.543684830138,405.48650353178607,9977.098974100236,469.9582071981164,0,0,1341,1296
33,10930.141256452222,410.2465483234714,9996.950018884552,522.9446892441982,0,0,1341,1278
34,10745.669284467715,399.67771960442116,9882.96455580487,463.02700905842266,0,0,1341,1292
35,10952.73052604957,415.8787725510032,10011.679944360141,525.1718091384253,0,0,1341,1279
36,10837.192280290014,403.46175767989604,9964.05796068899,469.67256192112654,0,0,1341,1301
37,10824.346691635455,407.51876820640865,9892.830045776112,523.9978776529339,0,0,1341,1279
38,10853.283981193854,403.25627571152717,9975.979430778272,474.0482747040551,0,0,1341,1308
39,10779.877544238598,407.8363794965523,9853.31224557614,518.7289191659052,0,0,1341,1278
40,10817.053713806126,403.58879563575323,9945.547461183382,467.91745698699117,0,0,1341,1288
41,10941.066971975968,411.9840762993152,10001.128397966471,527.9544977101802,0,0,1341,1280
42,10843.04638958858,402.53627204030226,9975.54055415617,464.9695633921075,0,0,1341,1308
43,10972.072688153898,412.5747975025312,10035.011854539318,524.4860361120486,0,0,1341,1292
44,10856.288879633486,407.7983340274885,9964.504123281966,483.98642232403165,0,0,1341,1317
45,10908.86409550046,413.6597796143251,9976.273770765507,518.9305451206278,0,0,1341,1305
46,10892.552849981043,404.5883641572229,10011.249104773138,476.7153810506804,0,0,1341,1297
47,10937.024629918604,413.8454303909578,10000.298511239509,522.8806882881363,0,0,1341,1277
48,10885.635581483191,402.76308389642,10010.891257816762,471.9812397700088,0,0,1341,1302
49,10907.646571656787,412.0881994366671,9967.986084836255,527.5722873838652,0,0,1341,1285
50,10854.893474974808,401.7232532751092,9988.618785690292,464.55143600940545,0,0,1341,1299

