Test run with coverage
Iteration,Time(ms),Instrument methods(ms),Test run(ms),Restore original methods(ms),GCs,GCs(ms),Incremental GCs,Incremental GCs(ms)
1,2875.5554255141283,453.2958117371677,2377.7502507941817,44.509362982778796,0,0,2,2
2,2848.022586322494,415.6421387864566,2384.1557576265504,48.2246899094871,0,0,2,2
3,2853.058258937927,449.1701244813278,2359.498679743493,44.38945471310617,0,0,2,2
4,2824.063379691689,403.5963052949062,2373.5195626675604,46.94751172922252,0,0,2,2
5,2860.7165189767597,443.451429526835,2372.464805216519,44.80028423340578,0,0,2,2
6,2817.8959622136767,403.12890820932955,2367.870715599398,46.896338404949006,0,0,2,2
7,2869.3536749265013,444.30827383452333,2381.0935741285175,43.95182696346073,0,0,2,2
8,2826.6859358625024,405.2844267449172,2374.1648710962063,47.236638021379164,0,0,2,2
9,2876.5817570407735,443.5966792770071,2388.6214375788145,44.36364018495166,0,0,2,2
10,2825.701562565456,405.075656654518,2374.156633572117,46.46927233882116,0,0,2,2
11,2870.303664262955,452.55601207445915,2373.908519201744,43.839132986751636,0,0,2,2
12,2828.274387434555,404.9725235602094,2375.0862408376966,48.21562303664921,0,0,2,2
13,2855.608477552044,442.7897751024162,2368.9615834796423,43.857118969985784,0,0,2,2
14,2828.9669379877487,404.79550222371404,2376.8189561131157,47.35247965091885,0,0,2,2
15,2869.020416719071,444.9287720622144,2380.3299794575105,43.76166519934599,0,0,2,2
16,2824.2116448692154,404.0801056338028,2373.2293343393694,46.902204896042925,0,0,2,2
17,2866.1453920046984,443.20852384747684,2378.3962834011495,44.540584756071986,0,0,2,2
18,2818.386350346671,404.11933004761505,2366.957814718904,47.30920558015203,0,0,2,2
19,2865.385124659543,443.4910538445422,2377.304336895035,44.58973391996648,0,0,2,2
20,2822.9463933945262,402.8205708537659,2372.994844712687,47.13097782807326,0,0,2,2
21,2858.234588540143,442.22217578467837,2372.1194048564385,43.8930078990262,0,0,2,2
22,2824.9472801944517,405.56918950632803,2372.546517475484,46.83157321263934,0,0,2,2
23,2867.015290905272,443.7381642512077,2378.763957151859,44.51316950220542,0,0,2,1
24,2822.474196117889,403.9404687041462,2372.0772649142664,46.456462499475954,0,0,2,1
25,2857.903000083801,443.10902539177073,2371.4074415486466,43.38653314338389,0,0,2,1
26,2818.589750020901,403.0364936042137,2368.2697098904773,47.28354652621018,0,0,2,2
27,2858.2680494447936,442.6600460926042,2371.546029750681,44.061973601508484,0,0,2,2
28,2821.2846907993967,403.3370621752975,2371.3008211831743,46.64680744092509,0,0,2,2
29,2852.620038439041,441.39445976435195,2367.3655887022646,43.85998997242417,0,0,2,2
30,2820.6389540730806,401.5928176332551,2372.424027824338,46.62210861548776,0,0,2,2
31,2865.559219070761,447.2780175122544,2374.508693284176,43.77250827433072,0,0,2,1
32,2830.8955442846964,406.01592823909124,2376.544368529153,48.33524751645219,0,0,2,2
33,2867.8786773950214,443.59919537339704,2379.921716536753,44.357765484871344,0,0,2,2
34,2824.4949935062214,403.42255645397796,2374.036993590012,47.03544346223135,0,0,2,2
35,2865.7180110682543,444.43690256582255,2376.723796746604,44.557311755827605,0,0,2,2
36,2824.9180114850988,403.1310307247349,2374.3711279708264,47.41585278953766,0,0,2,2
37,2866.1371258489144,444.15246918755764,2377.858346608535,44.12631005282133,0,0,2,2
38,2827.459780238215,405.27273108538833,2375.005661801711,47.18138735111558,0,0,2,2
39,2865.37359597653,443.502179379715,2378.3601424979042,43.51127409891031,0,0,2,1
40,2826.289174804074,404.304932735426,2374.89250240979,47.09173965885755,0,0,2,2
41,2865.5812206178643,443.1724311618536,2377.742108797851,44.66668065815984,0,0,2,2
42,2829.889401501489,406.0448769030743,2376.498804680619,47.34571991779558,0,0,2,2
43,2863.1815779539447,443.2371964263244,2375.6460299484083,44.29835157921228,0,0,2,2
44,2817.080602006689,402.86496655518397,2367.148244147157,47.06739130434783,0,0,2,2
45,2868.2925899551797,441.68889540485065,2381.273321325347,45.330373224982196,0,0,2,2
46,2823.6078809473906,403.74160553343114,2372.2393208970866,47.62695451687277,0,0,2,2
47,2861.039797243517,441.9130744417913,2374.6177788948935,44.508943906832556,0,0,2,2
48,2827.014204902577,404.1435156086319,2375.668342761366,47.20234653257909,0,0,2,2
49,2853.6198972130533,440.68804579450966,2368.8522542096684,44.07959720887477,0,0,2,1
50,2820.408603950452,403.26242885838633,2369.9234599933043,47.2227150987613,0,0,2,2

