Test run without coverage
Iteration,Time(ms),Instrument methods(ms),Test run(ms),Restore original methods(ms),GCs,GCs(ms),Incremental GCs,Incremental GCs(ms)
1,2052.225285529013,0.0,0.0,0.0,0,0,1,1
2,2057.386517700226,0.0,0.0,0.0,0,0,1,1
3,2056.891054661301,0.0,0.0,0.0,0,0,1,1
4,2052.748704013378,0.0,0.0,0.0,0,0,1,1
5,2033.0698782205286,0.0,0.0,0.0,0,0,1,1
6,2053.889557729287,0.0,0.0,0.0,0,0,1,1
7,2053.617480612031,0.0,0.0,0.0,0,0,1,1
8,2057.55655710213,0.0,0.0,0.0,0,0,1,1
9,2028.9796754698236,0.0,0.0,0.0,0,0,1,1
10,2055.7783226455426,0.0,0.0,0.0,0,0,1,1
11,2055.8127279587475,0.0,0.0,0.0,0,0,1,1
12,2056.9997481954006,0.0,0.0,0.0,0,0,1,1
13,2058.5095028319697,0.0,0.0,0.0,0,0,1,1
14,2060.3224493221974,0.0,0.0,0.0,0,0,1,1
15,2056.950947509643,0.0,0.0,0.0,0,0,1,0
16,2057.8254034793545,0.0,0.0,0.0,0,0,1,1
17,2053.3701949276883,0.0,0.0,0.0,0,0,1,1
18,2052.4509926854753,0.0,0.0,0.0,0,0,1,1
19,2059.6050586109827,0.0,0.0,0.0,0,0,1,1
20,2057.005240430973,0.0,0.0,0.0,0,0,1,1
21,2033.064054726368,0.0,0.0,0.0,0,0,1,1
22,2034.964598101397,0.0,0.0,0.0,0,0,1,1
23,2049.039006647435,0.0,0.0,0.0,0,0,1,1
24,2056.8888283378747,0.0,0.0,0.0,0,0,1,1
25,2058.7986923173644,0.0,0.0,0.0,0,0,1,1
26,2036.3885086081725,0.0,0.0,0.0,0,0,1,1
27,2056.6077642225296,0.0,0.0,0.0,0,0,1,1
28,2051.9255328040117,0.0,0.0,0.0,0,0,1,1
29,2056.7335177501154,0.0,0.0,0.0,0,0,1,1
30,2057.0725955093835,0.0,0.0,0.0,0,0,1,1
31,2049.1053335562615,0.0,0.0,0.0,0,0,1,1
32,2055.976444947399,0.0,0.0,0.0,0,0,1,1
33,2057.8362401475765,0.0,0.0,0.0,0,0,1,1
34,2056.1163717185273,0.0,0.0,0.0,0,0,1,1
35,2055.841564648667,0.0,0.0,0.0,0,0,1,1
36,2045.8963009404388,0.0,0.0,0.0,0,0,1,0
37,2059.1035595991784,0.0,0.0,0.0,0,0,1,1
38,2056.4751865202447,0.0,0.0,0.0,0,0,1,1
39,2054.992286732341,0.0,0.0,0.0,0,0,1,1
40,2035.0244286187478,0.0,0.0,0.0,0,0,1,1
41,2055.442743930563,0.0,0.0,0.0,0,0,1,1
42,2052.914297658863,0.0,0.0,0.0,0,0,1,1
43,2048.4035029051543,0.0,0.0,0.0,0,0,1,1
44,2049.949634273772,0.0,0.0,0.0,0,0,1,1
45,2048.041003134796,0.0,0.0,0.0,0,0,1,1
46,2056.0680331991953,0.0,0.0,0.0,0,0,1,1
47,2058.80132478095,0.0,0.0,0.0,0,0,1,1
48,2056.3007376980468,0.0,0.0,0.0,0,0,1,1
49,2029.7196919509772,0.0,0.0,0.0,0,0,1,1
50,2057.9693958831176,0.0,0.0,0.0,0,0,1,1

Test run with coverage
Iteration,Time(ms),Instrument methods(ms),Test run(ms),Restore original methods(ms),GCs,GCs(ms),Incremental GCs,Incremental GCs(ms)
1,10855.346242604792,410.8252423110813,9908.35740360005,536.16359669366,0,0,1341,1250
2,10850.41123066577,405.8458725622058,9963.014963012778,481.5503950907868,0,0,1341,1275
3,10827.213164578043,407.160914276198,9879.908988717265,540.1432615845789,0,0,1341,1280
4,10832.314451158107,402.87265021819405,9945.210557233971,484.2312437059416,0,0,1341,1288
5,10909.80695644877,411.9691617017706,9957.581815893262,540.2559788537384,0,0,1341,1282
6,10758.919123142074,402.1699327410114,9875.509881258822,481.2393091422403,0,0,1341,1297
7,10890.325840336134,414.1556302521008,9933.563277310925,542.6069327731093,0,0,1341,1263
8,10840.289379750557,404.03666064754543,9953.564985512116,482.68773359089573,0,0,1341,1302
9,10949.079969791055,413.867458252916,9995.594025341949,539.6184861961904,0,0,1341,1285
10,10707.679311920887,401.7159180620767,9830.806581626293,475.15681223251755,0,0,1341,1278
11,10854.293968174623,409.78484545530284,9923.12592685162,521.3831958676998,0,0,1341,1277
12,10858.929745826692,402.8510611525879,9964.056580823757,492.0221038503481,0,0,1341,1272
13,11001.397376056515,418.6741516336571,10050.577646019932,532.1455784029267,0,0,1341,1296
14,10811.628497560569,405.3156665693674,9927.231016221174,479.08181477002626,0,0,1341,1302
15,10899.859179517021,408.60093935741304,9955.957437965002,535.3008021946049,0,0,1341,1290
16,9686.79411764706,401.8899551345962,8795.258599202392,489.6455633100698,0,0,1338,176
17,10968.98396844049,414.9937048850092,10006.862095014269,547.1281685412121,0,0,1341,1298
18,10767.693110039894,405.3453706781915,9885.351022273937,476.99671708776594,0,0,1341,1288
19,10941.16193312917,413.1377690145572,9993.903259638377,534.1209044762344,0,0,1341,1270
20,10889.592657930107,404.17930947580646,10008.462239583334,476.95110887096774,0,0,1341,1307
21,11001.147406847935,415.4980698220879,10053.700486740518,531.9488502853306,0,0,1341,1291
22,10867.97243013972,404.70904025282766,9986.983158682635,476.28023120425814,0,0,1341,1312
23,10962.741451834576,412.6766065553288,10012.299779267836,537.7650660114115,0,0,1341,1295
24,10932.594434152914,406.78683900303133,10045.685037049512,480.1225581003705,0,0,1341,1309
25,11005.54556898288,416.89799429338706,10044.903071500503,543.7445031889896,0,0,1341,1295
26,10893.418232924987,407.0835710689713,10005.569894277563,480.76476757845273,0,0,1341,1286
27,10813.985790260927,411.89126641183316,9862.220707994016,539.8738158550773,0,0,1341,1267
28,10794.366357626906,401.1334968610984,9912.29010934187,480.94275142393883,0,0,1341,1285
29,10953.493661853592,412.78437709872395,10000.292939892546,540.4163448623237,0,0,1341,1268
30,10753.594765267968,402.276319069381,9870.871001246365,480.44744495222267,0,0,1341,1286
31,9859.118224534317,417.5674190300386,8893.918694411814,547.6321110924652,0,0,1338,183
32,10938.16840780365,406.72955737361025,10043.851185231802,487.58766519823786,0,0,1341,1325
33,10886.736763111816,411.8344450929709,9936.316893187693,538.5854248311515,0,0,1341,1302
34,10843.242277710617,405.10037934053105,9959.227062403601,478.91483596648465,0,0,1341,1318
35,11026.024776006394,416.29949943212887,10067.645606360156,542.0796702141084,0,0,1341,1304
36,10872.391935551546,405.50127973817814,9979.646120924768,487.24453488859984,0,0,1341,1315
37,11014.405027698505,418.1283783783784,10060.608275977842,535.6683733422864,0,0,1341,1307
38,10826.474131467134,404.411855369491,9943.823752395234,478.23852370240775,0,0,1341,1317
39,10967.502181940248,415.3079472977509,10007.269679422625,544.9245552198724,0,0,1341,1305
40,10861.928505957836,408.91554870427467,9975.142279810016,477.87067744354636,0,0,1341,1321
41,10954.835132070717,415.9293243186495,10015.759123168018,523.1466845840507,0,0,1341,1285
42,10818.061055898017,403.1442948798591,9943.37694468906,471.539816329098,0,0,1341,1297
43,10947.161596157088,414.04904769930897,10014.068936457104,519.0436120006742,0,0,1341,1282
44,10877.511186954873,406.05856823831795,9973.87645893903,497.576159777525,0,0,1341,1272
45,10856.876272184372,405.54638741694004,9975.519892337456,475.8099924299773,0,0,1341,1303
46,10923.019824066669,412.8857696030978,9979.44665179511,530.6874026684625,0,0,1341,1286
47,10848.37449698189,405.30721830985914,9970.56484741784,472.50243125419183,0,0,1341,1297
48,10872.60421467175,411.222464284218,9939.465918136495,521.9158322510369,0,0,1341,1285
49,10760.03464155327,399.36757384666447,9894.00277962164,466.66428808496516,0,0,1341,1304
50,10942.07213018001,412.93899919902196,10004.498798532946,524.6343324480418,0,0,1341,1286

