Test run with coverage
Iteration,Time(ms),Instrument methods(ms),Test run(ms),Restore original methods(ms),GCs,GCs(ms),Incremental GCs,Incremental GCs(ms)
1,2833.1476665700443,431.9386309992132,2356.2406310820325,44.96840448879871,0,0,2,2
2,2829.2240663900416,405.1901169370049,2375.457856574039,48.57609287899744,0,0,2,2
3,2865.3717218265606,443.08403854210303,2376.9770842061166,45.31059907834101,0,0,2,2
4,2831.191909452945,408.43227834835466,2374.74345001048,48.01618109411025,0,0,2,3
5,2868.853304832558,446.01098118110565,2377.3504757114715,45.49184793998072,0,0,2,2
6,2805.3183325045584,404.82516989888944,2352.5021962539367,47.99096635173214,0,0,2,2
7,2868.5143096584957,447.97309868007545,2374.933500942803,45.60771003561701,0,0,2,2
8,2826.4275913996485,405.9923868484899,2372.223793189994,48.21141136116456,0,0,2,2
9,2864.9716356628123,447.8383609854198,2371.9837020278196,45.14957264957265,0,0,2,2
10,2833.153236957888,407.9498847684894,2377.2769746490676,47.92637754033103,0,0,2,2
11,2874.227364354107,448.4494372585251,2379.9539307911978,45.823996304384345,0,0,2,2
12,2837.991736923787,408.07432574136993,2381.0762971351874,48.84111404722956,0,0,2,1
13,2869.7656649482374,447.8314682090616,2375.460706651578,46.47349008759797,0,0,2,2
14,2836.6466250471362,408.87945699082417,2379.212594796162,48.55457326015,0,0,2,2
15,2863.480617883456,445.3669206296048,2372.537424648359,45.5762726054923,0,0,2,1
16,2829.728150873965,407.9960692481392,2373.3348247888266,48.39725683699925,0,0,2,2
17,2867.63248973435,448.6303528031509,2373.7805664962707,45.22157043492835,0,0,2,2
18,2828.8325390853606,407.8952846751944,2373.1509907198397,47.7862636903269,0,0,2,2
19,2871.1963439688066,448.198649951784,2377.5952790239403,45.402414993082054,0,0,2,1
20,2799.419301440159,402.561910279755,2349.052474755835,47.80491640456878,0,0,2,2
21,2868.6604762304014,448.8776305860652,2375.266915402029,44.51593024230737,0,0,2,2
22,2835.130476709572,409.0864953251436,2377.5960756362415,48.447905748186656,0,0,2,2
23,2858.288090263268,446.02590890096116,2367.423067279565,44.83911408274133,0,0,2,2
24,2835.7792082529563,408.2652436467332,2379.1731527300176,48.340811876205656,0,0,2,2
25,2869.6080831796075,447.9496897534798,2376.028131812846,45.6302616132819,0,0,2,1
26,2833.940148371684,407.9818936250472,2377.99974852257,47.95850622406639,0,0,2,2
27,2869.5117955164465,447.45874711921226,2375.972302535093,46.080745862141214,0,0,2,2
28,2833.9883959616272,409.77441246701017,2376.3376900842027,47.87629341041431,0,0,2,2
29,2858.9632448254233,448.27852812042653,2365.6472924942505,45.037424210746394,0,0,2,1
30,2834.9849157797703,408.79083214614934,2377.5764686164416,48.617615017179254,0,0,2,2
31,2860.6124460099804,444.47431542751707,2370.7996393676353,45.33849121482786,0,0,2,2
32,2835.537403555854,408.9548809124455,2377.80241529688,48.78010734652801,0,0,2,2
33,2865.105047120419,447.90228272251306,2371.6275183246075,45.57524607329843,0,0,2,2
34,2844.4767505355567,410.38623094047966,2385.605032133406,48.485487461670935,0,0,2,2
35,2868.0489797628525,446.2433904554406,2376.0612561277076,45.74433317970419,0,0,2,2
36,2826.671963203011,408.47990800752666,2370.0494250470415,48.1426301484424,0,0,2,2
37,2868.014928502537,444.97236549670816,2377.3971149410827,45.64544806474609,0,0,2,2
38,2833.84726937424,409.02569261075485,2376.8591307263505,47.96244603713483,0,0,2,2
39,2864.5304446213804,447.70003771529144,2371.1576499182834,45.672756987805386,0,0,2,2
40,2840.7029972752043,410.8423810521903,2381.4983022427164,48.36231398029763,0,0,2,2
41,2865.6947730514303,445.57446094471015,2374.2958301870963,45.82448191962413,0,0,2,2
42,2836.438178237734,409.66397117358696,2378.152469937571,48.62173712657644,0,0,2,2
43,2828.2700633251934,441.58362650552544,2342.0357187202517,44.650718099416416,0,0,2,2
44,2841.198102514588,410.11867679778345,2383.118718777549,47.96070693925528,0,0,2,2
45,2863.678371373631,445.27648189950673,2372.994147646518,45.40774182760639,0,0,2,1
46,2837.908812806437,409.37602145581025,2380.2865524033023,48.24623894732431,0,0,2,2
47,2833.0298050254582,441.9734652481682,2345.40170550979,45.6546342675001,0,0,2,2
48,2834.049650144551,409.8561612267985,2375.9390790631414,48.25440985461097,0,0,2,3
49,2868.1839138270675,447.93834611676937,2375.723710130349,44.521857579948865,0,0,2,2
50,2838.7331542046268,408.4438473487552,2382.099878248457,48.18942860741425,0,0,2,2

