Test run without coverage
Iteration,Time(ms),Instrument methods(ms),Test run(ms),Restore original methods(ms),GCs,GCs(ms),Incremental GCs,Incremental GCs(ms)
1,2060.403813844086,0.0,0.0,0.0,0,0,1,1
2,2055.4819923692926,0.0,0.0,0.0,0,0,1,0
3,2055.6151620613023,0.0,0.0,0.0,0,0,1,0
4,2054.280050293378,0.0,0.0,0.0,0,0,1,0
5,2053.569949272628,0.0,0.0,0.0,0,0,1,0
6,2051.654420062696,0.0,0.0,0.0,0,0,1,0
7,2057.3891964435497,0.0,0.0,0.0,0,0,1,0
8,2055.898801039658,0.0,0.0,0.0,0,0,1,1
9,2057.7167414364176,0.0,0.0,0.0,0,0,1,0
10,2054.0782510554695,0.0,0.0,0.0,0,0,1,0
11,2049.090468227425,0.0,0.0,0.0,0,0,1,0
12,2053.4267628070766,0.0,0.0,0.0,0,0,1,0
13,2055.4561690353416,0.0,0.0,0.0,0,0,1,0
14,2053.727310836303,0.0,0.0,0.0,0,0,1,0
15,2056.2214441462597,0.0,0.0,0.0,0,0,1,1
16,2053.6809571703966,0.0,0.0,0.0,0,0,1,0
17,2052.7342944553875,0.0,0.0,0.0,0,0,1,0
18,2032.7630282710377,0.0,0.0,0.0,0,0,1,0
19,2054.680514798357,0.0,0.0,0.0,0,0,1,0
20,2053.602565177299,0.0,0.0,0.0,0,0,1,0
21,2049.459139739999,0.0,0.0,0.0,0,0,1,1
22,2057.421277665996,0.0,0.0,0.0,0,0,1,0
23,2049.023908045977,0.0,0.0,0.0,0,0,1,0
24,2052.193657841823,0.0,0.0,0.0,0,0,1,0
25,2056.265146115467,0.0,0.0,0.0,0,0,1,0
26,2059.118416638712,0.0,0.0,0.0,0,0,1,0
27,2050.728545750951,0.0,0.0,0.0,0,0,1,0
28,2054.8591909452944,0.0,0.0,0.0,0,0,1,1
29,2055.263852795708,0.0,0.0,0.0,0,0,1,0
30,2057.447956014438,0.0,0.0,0.0,0,0,1,0
31,2050.2168387609213,0.0,0.0,0.0,0,0,1,0
32,2049.4133260878652,0.0,0.0,0.0,0,0,1,0
33,2056.974021068536,0.0,0.0,0.0,0,0,1,0
34,2056.1766431924884,0.0,0.0,0.0,0,0,1,0
35,2049.8791489005935,0.0,0.0,0.0,0,0,1,1
36,2056.057425493566,0.0,0.0,0.0,0,0,1,0
37,2056.4229318581847,0.0,0.0,0.0,0,0,1,0
38,2027.932483338163,0.0,0.0,0.0,0,0,1,0
39,2048.112406989382,0.0,0.0,0.0,0,0,1,0
40,2049.9698173153297,0.0,0.0,0.0,0,0,1,0
41,2051.1109671487084,0.0,0.0,0.0,0,0,1,1
42,2055.6098348285404,0.0,0.0,0.0,0,0,1,0
43,2054.858927598206,0.0,0.0,0.0,0,0,1,0
44,2056.455242966752,0.0,0.0,0.0,0,0,1,0
45,2049.8304560464826,0.0,0.0,0.0,0,0,1,0
46,2058.031519825635,0.0,0.0,0.0,0,0,1,0
47,2054.845624921387,0.0,0.0,0.0,0,0,1,0
48,2059.5444085163567,0.0,0.0,0.0,0,0,1,1
49,2057.6591909452945,0.0,0.0,0.0,0,0,1,0
50,2058.8064232107668,0.0,0.0,0.0,0,0,1,0

Test run with coverage
Iteration,Time(ms),Instrument methods(ms),Test run(ms),Restore original methods(ms),GCs,GCs(ms),Incremental GCs,Incremental GCs(ms)
1,11097.430855988554,416.46751115225993,10131.81642959347,549.1469152428247,0,0,1341,1419
2,10997.612076200066,404.8636287344747,10092.633685800603,500.11476166498824,0,0,1341,1431
3,11049.590256797583,414.0892077878483,10093.196416582747,542.304632426989,0,0,1341,1422
4,10989.323993951104,407.4983197513232,10100.371502982442,481.45417121734016,0,0,1341,1438
5,11087.409439899307,412.42466960352425,10146.309209146213,528.67556114957,0,0,1341,1419
6,10992.52716753312,403.00930739560624,10113.205936609089,476.31192352842527,0,0,1341,1436
7,10967.662221668328,409.70226819541375,10045.19287969425,512.767073778664,0,0,1341,1416
8,10982.87194636497,402.867127592709,10100.695956421538,479.3088623507228,0,0,1341,1429
9,11060.354639694464,419.60414655642757,10117.058421118898,523.692072019138,0,0,1341,1421
10,10861.095772540217,399.5126990065262,9994.08812403874,467.4949494949495,0,0,1341,1434
11,10979.021416596815,411.0732187761945,10049.302975691535,518.6452221290864,0,0,1341,1388
12,10940.806554354203,402.08850892632637,10077.732126393428,460.9859190344481,0,0,1341,1424
13,11017.171331001166,407.5777111444278,10087.620064967516,521.9735548892221,0,0,1341,1409
14,11017.597560464434,403.05235360690784,10139.885358594962,474.6598482625644,0,0,1341,1436
15,11064.559926193073,411.9325253711314,10128.136668623669,524.4907321982722,0,0,1341,1415
16,10876.137588770298,398.2237219153619,10015.255450807757,462.65841604717804,0,0,1341,1427
17,11032.458201366895,407.8681446907818,10108.485164194033,516.1048924820803,0,0,1341,1413
18,11000.61533938172,402.44451444892474,10120.14314516129,478.0276797715054,0,0,1341,1424
19,11044.058140509725,412.9895204560697,10109.083375251508,521.9852448021462,0,0,1341,1416
20,10986.364849505368,405.28722374237003,10115.634603241422,465.4430225215744,0,0,1341,1410
21,11091.369803707285,412.15581522424446,10155.328359463663,523.8856290193771,0,0,1341,1388
22,10893.993415020423,400.89584896224056,10028.196340751854,464.9012253063266,0,0,1341,1407
23,11126.21145671114,412.80462140662485,10188.037669935604,525.3691653689128,0,0,1341,1390
24,10978.99488147682,402.9419341304804,10098.513908118313,477.539039228026,0,0,1341,1430
25,11000.999916520577,417.1871608648468,10061.75811837382,522.05463728191,0,0,1341,1411
26,10959.622249235026,403.2222827681603,10090.30087605315,466.09909041371503,0,0,1341,1428
27,11032.025777964676,414.3137510513036,10094.168250630782,523.5437762825904,0,0,1341,1389
28,10935.921167393491,401.2578413284133,10064.94825561892,469.715070446159,0,0,1341,1405
29,11093.141507842807,414.0689829650869,10150.290605498398,528.781919379322,0,0,1341,1411
30,11068.253190145293,406.63714466203413,10177.902210991788,483.7138344914719,0,0,1341,1436
31,10778.537494236492,417.7498847298487,9829.37288846041,531.4147210462338,0,0,1341,1168
32,10983.018125998822,403.678442257549,10103.54710236353,475.7925813777441,0,0,1341,1438
33,11075.033263334733,411.7561948761025,10133.318983620327,529.9580848383032,0,0,1341,1428
34,10995.946296063388,405.2305789628139,10122.868989225673,467.8467278749004,0,0,1341,1439
35,11050.509264693552,411.19807998658507,10114.56229563176,524.7488890752076,0,0,1341,1425
36,10886.802113232663,400.23474354174465,10016.577270269147,469.9900994217729,0,0,1341,1440
37,11065.18032304198,412.90283502986455,10121.54357701691,530.7339109952048,0,0,1341,1427
38,11026.311222343737,406.49125094641204,10145.732438798688,474.08753259863715,0,0,1341,1445
39,10975.2992430544,409.0113957744136,10043.43399600732,522.8538512726668,0,0,1341,1426
40,10883.319217970049,400.73015806988354,10009.59084858569,472.9982113144759,0,0,1341,1441
41,11004.440970192869,409.91884445186605,10069.79356266177,524.7285630792352,0,0,1341,1428
42,11001.289517960797,404.8104231513418,10128.343063851265,468.1360309581896,0,0,1341,1441
43,11119.261504164213,412.493900900143,10186.063683015058,520.7039202490115,0,0,1341,1423
44,10929.938676103247,399.64171523730226,10064.014446294754,466.2825145711907,0,0,1341,1450
45,10947.818461027642,408.6644807835976,10017.910517141197,521.2434631028472,0,0,1341,1427
46,11018.679114508946,403.44682012937915,10146.963664622364,468.26862975720405,0,0,1341,1442
47,11144.744703211703,411.7907348242812,10214.285690263998,518.6682781234235,0,0,1341,1427
48,10892.122278544124,403.0382665780289,10020.109149077613,468.9748628884826,0,0,1341,1444
49,10960.028876516537,408.27966594648495,10027.870658135284,523.8785524347682,0,0,1341,1431
50,11017.468085998073,402.84933573613847,10145.491429529358,469.12732073257615,0,0,1341,1446

